9.93844170297569e-05
9.755282581475769e-05
9.455032620941841e-05
9.045084971874738e-05
8.53553390593274e-05
7.938926261462375e-05
7.269952498697744e-05
6.545084971874744e-05
5.7821723252011586e-05
5.000000000000002e-05
4.217827674798849e-05
3.454915028125265e-05
2.7300475013022693e-05
2.0610737385376376e-05
1.4644660940672647e-05
9.549150281252647e-06
5.449673790581618e-06
2.4471741852423263e-06
6.155829702431177e-07
0.0
9.93844170297568e-05
9.755282581475763e-05
9.455032620941836e-05
9.045084971874723e-05
8.535533905932743e-05
7.938926261462373e-05
7.269952498697742e-05
6.545084971874745e-05
5.782172325201159e-05
5.0000000000000084e-05
4.2178276747988575e-05
3.454915028125277e-05
2.7300475013022775e-05
2.0610737385376447e-05
1.4644660940672683e-05
9.549150281252667e-06
5.44967379058163e-06
2.4471741852423284e-06
6.155829702431189e-07
0.0
9.93844170297568e-05
9.755282581475763e-05
9.455032620941836e-05
9.045084971874723e-05
8.535533905932743e-05
7.938926261462373e-05
7.269952498697742e-05
6.545084971874745e-05
5.782172325201159e-05
5.0000000000000084e-05
4.2178276747988575e-05
3.454915028125277e-05
2.7300475013022775e-05
2.0610737385376447e-05
1.4644660940672683e-05
9.549150281252667e-06
5.44967379058163e-06
2.4471741852423284e-06
6.155829702431189e-07
0.0
9.938441702975683e-05
9.755282581475752e-05
9.455032620941813e-05
9.04508497187472e-05
8.53553390593272e-05
7.938926261462348e-05
7.26995249869772e-05
6.545084971874731e-05
5.782172325201136e-05
4.999999999999981e-05
4.2178276747988345e-05
3.454915028125248e-05
2.7300475013022575e-05
2.061073738537629e-05
1.464466094067258e-05
9.549150281252604e-06
5.449673790581599e-06
2.4471741852423174e-06
6.155829702431148e-07
0.0
9.938441702975683e-05
9.755282581475752e-05
9.455032620941813e-05
9.04508497187472e-05
8.53553390593272e-05
7.938926261462348e-05
7.26995249869772e-05
6.545084971874731e-05
5.782172325201136e-05
4.999999999999981e-05
4.2178276747988345e-05
3.454915028125248e-05
2.7300475013022575e-05
2.061073738537629e-05
1.464466094067258e-05
9.549150281252604e-06
5.449673790581599e-06
2.4471741852423174e-06
6.155829702431148e-07
0.0
0.0009938441702975701
0.000975528258147579
0.0009455032620941847
0.0009045084971874739
0.0009938441702975701
0.000975528258147579
0.0009455032620941847
0.0009045084971874739
0.000853553390593273
0.0007938926261462357
0.0007269952498697741
0.0006545084971874761
0.0005782172325201172
0.0005000000000000028
0.00042178276747988666
0.00034549150281252774
0.0002730047501302273
0.00020610737385376408
0.00014644660940672674
9.549150281252668e-05
5.449673790581623e-05
2.447174185242325e-05
6.155829702431186e-06
0.0
