0.1 0.1 68.8780409731114
0.245 0.1 69.01808578745198
0.39 0.1 69.13212227912932
0.5349999999999999 0.1 69.29217349551857
0.6799999999999999 0.1 69.40420934699104
0.825 0.1 69.56426056338029
0.9699999999999999 0.1 69.6682938540333
1.1150000000000002 0.1 69.81834186939821
1.26 0.1 69.93637964148527
1.405 0.1 70.06442061459667
1.55 0.1 70.17245518565942
1.695 0.1 70.30049615877081
1.8399999999999999 0.1 70.39252560819462
1.9849999999999999 0.1 70.52056658130601
2.1300000000000003 0.1 70.60659411011524
2.275 0.1 70.69662291933419
2.42 0.1 70.85467349551857
2.565 0.1 70.9807138284251
2.71 0.1 71.06474071702945
2.855 0.1 71.17277528809218
2.275 0.1345 71.29681498079385
2.42 0.1345 71.43285851472471
2.565 0.1345 71.55889884763124
2.71 0.1345 71.67893725992317
2.855 0.1345 71.78297055057618
2.42 0.169 71.875
2.565 0.169 72.05105633802818
2.71 0.169 72.19310179257363
2.855 0.169 72.27512804097312
2.42 0.20350000000000001 72.32714468629962
2.565 0.20350000000000001 72.4791933418694
2.71 0.20350000000000001 72.58722791293214
2.855 0.20350000000000001 72.68525928297055
2.565 0.23800000000000002 72.7692861715749
2.71 0.23800000000000002 72.91733354673495
2.855 0.23800000000000002 72.96334827144686
2.42 0.27249999999999996 72.96935019206146
2.565 0.27249999999999996 73.01736555697823
2.71 0.27249999999999996 73.04537451984635
2.855 0.27249999999999996 73.1534090909091
2.71 0.30700000000000005 73.21142765685019
2.855 0.30700000000000005 73.2394366197183
2.71 0.3415 73.24743918053777
2.855 0.3415 73.32546414852753
1.9849999999999999 0.47950000000000004 73.3274647887324
2.1300000000000003 0.47950000000000004 73.34346991037133
1.695 0.6174999999999999 73.34547055057618
1.405 0.7555 73.36347631241998
1.26 0.859 73.36947823303457
1.1150000000000002 0.997 73.37147887323944
