0.1 0.1 63.8304257362356
0.245 0.1 63.912451984635084
0.39 0.1 63.97647247119078
0.5349999999999999 0.1 64.02048655569783
0.6799999999999999 0.1 64.06450064020487
0.825 0.1 64.12652048655569
0.9699999999999999 0.1 64.14852752880923
1.1150000000000002 0.1 64.21654929577464
1.405 0.1 64.29057298335468
1.55 0.1 64.32658450704226
1.695 0.1 64.36259603072983
1.8399999999999999 0.1 64.41261203585147
1.9849999999999999 0.1 64.46062740076825
2.1300000000000003 0.1 64.47263124199743
2.275 0.1 64.54665492957747
2.42 0.1 64.57066261203585
2.565 0.1 64.62868117797696
2.71 0.1 64.64668693982074
2.855 0.1 64.65869078104994
2.275 0.1345 64.69070102432778
2.42 0.1345 64.7947343149808
2.565 0.1345 64.80273687580025
2.71 0.1345 64.87676056338029
2.855 0.1345 64.93677976952625
2.42 0.169 64.9807938540333
2.565 0.169 64.99679897567222
2.71 0.169 65.11483674775928
2.855 0.169 65.19686299615877
2.42 0.20350000000000001 65.20486555697823
2.565 0.20350000000000001 65.25488156209987
2.71 0.20350000000000001 65.29689500640205
2.855 0.20350000000000001 65.32490396927017
2.42 0.23800000000000002 65.33290653008963
2.565 0.23800000000000002 65.39092509603073
2.71 0.23800000000000002 65.41093149807938
2.855 0.23800000000000002 65.50096030729834
2.565 0.27249999999999996 65.53697183098592
2.71 0.27249999999999996 65.59098911651729
2.855 0.27249999999999996 65.625
2.565 0.30700000000000005 65.63500320102433
2.71 0.30700000000000005 65.73703585147247
2.855 0.30700000000000005 65.78305057618438
2.71 0.3415 65.8570742637644
2.855 0.3415 65.9090909090909
2.855 0.376 66.00912291933419
2.565 0.4105 66.01312419974391
2.71 0.4105 66.01512483994878
2.855 0.4105 66.0891485275288
2.71 0.44499999999999995 66.09715108834827
2.855 0.44499999999999995 66.15116837387964
2.71 0.47950000000000004 66.1591709346991
2.855 0.47950000000000004 66.18717989756722
2.71 0.514 66.23719590268887
2.42 0.652 66.24319782330346
2.42 0.6865 66.26720550576185
2.71 0.7555 66.27120678617158
2.71 0.8245 66.28321062740076
2.565 0.859 66.28521126760563
2.71 0.859 66.29721510883483
2.855 0.859 66.30321702944943
2.565 0.8935000000000001 66.31522087067862
2.275 1.066 66.34322983354673
2.1300000000000003 1.342 66.35523367477593
1.9849999999999999 1.5145000000000002 66.36123559539053
1.9849999999999999 1.5490000000000002 66.37323943661971
1.8399999999999999 1.7215000000000003 66.37724071702945
1.8399999999999999 1.7560000000000002 66.39524647887323
1.8399999999999999 1.7905000000000002 66.40725032010243
1.695 1.9285000000000003 66.41125160051216
1.695 1.9630000000000003 66.42525608194622
1.695 1.9975 66.42925736235595
1.695 2.1010000000000004 66.43125800256082
1.695 2.1355000000000004 66.43325864276568
1.55 2.17 66.44526248399488
1.55 2.2390000000000003 66.45326504481434
1.55 2.2735000000000003 66.47127080665813
1.55 2.3080000000000003 66.48727592829705
1.55 2.446 66.49127720870679
1.55 2.584 66.49527848911652
1.55 2.6875 66.51128361075544
1.405 3.2395 66.51728553137004
1.405 3.3430000000000004 66.52328745198463
1.405 3.4465000000000003 66.52928937259924
1.405 3.7225 66.55329705505761
1.55 5.2059999999999995 66.55929897567222
1.8399999999999999 6.6895 66.56330025608194
