0.1 0.1 63.90645006402049
0.245 0.1 64.0564980793854
0.39 0.1 64.17053457106275
0.5349999999999999 0.1 64.33458706786172
0.6799999999999999 0.1 64.46662932138284
0.825 0.1 64.54865556978233
0.9699999999999999 0.1 64.65068822023048
1.1150000000000002 0.1 64.80473751600512
1.26 0.1 64.92477592829705
1.405 0.1 65.0908290653009
1.55 0.1 65.21887003841229
1.695 0.1 65.3349071702945
1.8399999999999999 0.1 65.45694622279129
1.9849999999999999 0.1 65.55097631241998
2.1300000000000003 0.1 65.67901728553137
2.275 0.1 65.78905249679897
2.42 0.1 65.84907170294494
2.565 0.1 65.98911651728554
2.71 0.1 66.13116197183099
2.855 0.1 66.17717669654289
2.1300000000000003 0.1345 66.19118117797696
2.275 0.1345 66.31522087067862
2.42 0.1345 66.41325224071703
2.565 0.1345 66.49727912932138
2.71 0.1345 66.67133482714469
2.855 0.1345 66.7753681177977
2.275 0.169 66.78737195902688
2.42 0.169 66.91741357234315
2.565 0.169 67.04745518565942
2.71 0.169 67.14348591549296
2.855 0.169 67.26152368758002
2.42 0.20350000000000001 67.33354673495519
2.565 0.20350000000000001 67.42157490396927
2.71 0.20350000000000001 67.6056338028169
2.855 0.20350000000000001 67.71366837387964
2.565 0.23800000000000002 67.81370038412292
2.71 0.23800000000000002 67.87171895006402
2.855 0.23800000000000002 67.9257362355954
2.565 0.27249999999999996 68.00176056338029
2.71 0.27249999999999996 68.06978233034572
2.855 0.27249999999999996 68.1918213828425
2.71 0.30700000000000005 68.23183418693982
2.855 0.30700000000000005 68.26584507042253
2.71 0.3415 68.35587387964148
1.9849999999999999 0.514 68.3718790012804
1.8399999999999999 0.5485 68.37588028169014
1.55 0.652 68.37988156209987
1.405 0.721 68.38588348271446
1.405 0.7555 68.38788412291933
1.26 0.8245 68.40989116517285
0.9699999999999999 1.1005000000000003 68.41389244558259
0.825 1.3075 68.41789372599231
0.825 1.342 68.42389564660691
0.825 1.411 68.43589948783611
