60.50672430355427
60.55275376240794
60.606788344540504
60.634806276016654
60.626801152737755
60.50672430355427
60.37664105027218
60.12848222862632
59.888328530259365
59.39401216778738
58.90970220941402
58.57348703170029
58.429394812680115
58.21325648414986
58.04715017611271
57.86103105987832
57.792987512007684
57.69892731348063
57.64889529298751
57.60886967659302
57.57684918347743
57.558837656099904
57.55483509446046
57.54482869036183
57.54082612872238
57.54482869036183
57.54682997118156
57.54682997118156
57.54682997118156
57.54682997118156
